1241 376 0.344279 619 281 0 10.6294 0.143137 0 0.143466 1.10546 622.08 292.32 2 9.75407 0.133333 0 0.155998 1.10282
1241 376 0.679748 448 219 0 14.9274 0.315686 0 0.097396 1.19402 440 223 0 13.9603 0.333333 0 0.103523 1.20608
1241 376 0.625272 545 92 0 65.3756 0.619608 0 0.0231562 1.36949 547 92 0 66.229 0.652941 0 0.0228691 1.39242
1241 376 1.36995 571 233 0 19.8514 0.331373 0 0.0770309 1.19853 572 238 0 18.5052 0.327451 0 0.0825989 1.19751
1241 376 2.84453 529 231 0 20.8461 0.115686 0 0.072597 1.07504 526 232 0 20.6433 0.2 0 0.0732275 1.12148
1241 376 4.17071 469 234 0 13.9715 0.113725 0 0.105197 1.08102 457.851 236.39 5 13.6725 0.103922 0 0.106764 1.07607
1241 376 0.213562 534 209 0 29.1223 0.352941 0 0.0521686 1.20551 534 211 0 28.916 0.360784 0 0.0525351 1.21034
1241 376 2.10395 359 181 0 7.19054 0.17451 0 0.186644 1.13268 325.44 182.88 2 6.1739 0.184314 0 0.209483 1.14345
1241 376 0.953929 733 208 0 14.0512 0.884314 0 0.106857 1.58967 745.2 212.4 1 12.9717 0.764706 0 0.11516 1.49988
1241 376 1.18261 374 40 0 58.0536 0.507843 0 0.0235349 1.29515 374 39 0 57.1248 0.466667 0 0.0239112 1.26886
1241 376 2.05434 352 55 0 20.4899 0.572549 0.232568 0.065328 1.25806 344.4 50.4 1 20.7856 0.572549 0 0.063919 1.34859
1241 376 0.696916 457 106 0 30.3579 0.327451 0 0.0481295 1.18928 455 105 0 29.624 0.343137 0 0.0492537 1.19892
1241 376 1.29708 405 125 0 18.3149 0.264706 0 0.0770268 1.15923 397 124 0 17.4529 0.272549 0.232568 0.0802981 1.08607
1241 376 1.64554 847 277 0 8.32747 0.631373 0 0.168235 1.41812 882 293 0 7.38001 0.668628 0 0.18457 1.44951
1241 376 0.609988 538 177 0 69.8902 0.870588 0 0.0217984 1.55217 540 178 0 70.0162 0.876471 0 0.0217714 1.55673
1241 376 0.576121 583 152 0 108.92 0.664706 0 0.014095 1.39818 585 153 0 122.642 0.75098 0.232568 0.0125214 1.36101
1241 376 0.697864 583 139 0 102.492 0.690196 0 0.014964 1.41636 585 140 0 113.412 0.656863 0 0.0135271 1.39255
1241 376 2.32528 1098 298 0 6.38055 0.523529 0 0.170128 1.34419 1190.4 321.6 1 5.32904 0.496078 0.232568 0.18204 1.23946
1241 376 1.00666 458 68 0 29.4173 0.535294 0 0.0493709 1.31985 456 66 0 29.8729 0.529412 0 0.0485462 1.31576
1241 376 3.17441 1053 296 0 7.09219 0.503922 0.697704 0.161094 1.07774 1126.66 314.496 3 6.24823 0.437255 0 0.167484 1.28676
1241 376 1.25733 1011 283 0 7.82234 0.654902 0.232568 0.15311 1.33416 1071.6 300 1 6.84089 0.623529 0 0.163457 1.41122
1241 376 3.0472 1012 253 0 7.55105 0.521569 0.232568 0.159018 1.24959 1077 267 0 6.54081 0.5 0 0.170593 1.32859
1241 376 2.27557 823 246 0 8.5198 0.690196 0 0.167904 1.46035 855 257 0 7.52684 0.696078 0 0.185816 1.46991
1241 376 1.68535 284 186 0 5.4687 0.321569 0 0.22532 1.22857 219.6 188.4 1 4.55285 0.315686 0 0.248941 1.23076
1241 376 1.07031 733.2 207.6 1 13.6713 0.807843 0 0.109836 1.53095 745.2 212.4 1 12.9717 0.764706 0 0.11516 1.49988
1241 376 3.67244 844.8 277.2 1 8.44493 0.547059 0.465136 0.166126 1.18201 881.28 292.32 2 7.38432 0.54902 0 0.184592 1.36537
1241 376 17.6575 772.8 292.8 1 9.85421 0.319608 0 0.148424 1.20863 778.8 296.4 1 9.87429 0.301961 0 0.147538 1.1978
1241 376 0.841768 540 172.8 1 69.2021 0.798039 0 0.0220252 1.49694 541.44 174.24 2 74.2297 0.77451 0.465136 0.0205429 1.28637
1241 376 0.630999 373.2 39.6 1 64.2846 0.462745 0 0.0212437 1.26569 373.2 38.4 1 62.6849 0.476471 0.232568 0.0217788 1.18865
1241 376 0.559745 457.2 105.6 1 29.2253 0.286275 0 0.0499906 1.16548 454.8 104.4 1 29.9039 0.32549 0 0.0487847 1.18827
1241 376 0.371037 583.2 139.2 1 96.6896 0.619608 0 0.0158623 1.36749 585.6 139.2 1 100.956 0.582353 0 0.0151956 1.34207
1241 376 0.423124 550.8 105.6 1 64.8649 0.55098 0 0.0234221 1.32336 552.96 105.12 2 69.4063 0.5 0 0.0218993 1.28966
1241 376 1.26756 860.4 272.4 1 8.23949 0.633333 0.232568 0.168414 1.3239 897.12 288 2 7.29492 0.586275 0 0.184497 1.39102
1241 376 3.25134 1083.6 248.4 1 6.959 0.317647 0 0.158878 1.20997 1166.4 263.52 2 5.99821 0.243137 0 0.166595 1.16753
1241 376 0.889614 544.8 91.2 1 65.5429 0.527451 0 0.0230928 1.3078 547.2 91.2 1 60.7935 0.523529 0 0.02491 1.30571
1241 376 1.62995 505.2 66 1 48.5219 0.196078 0 0.0306393 1.10979 506.4 66 1 50.8336 0.223529 0.232568 0.0292616 1.04901
1241 376 2.33267 501.6 49.2 1 49.5758 0.315686 0.232568 0.0298311 1.0986 504 48.96 2 48.9171 0.376471 0 0.0302592 1.21444
1241 376 1.42829 1098 297.6 1 6.36431 0.521569 0 0.170585 1.34299 1189.44 321.12 2 5.33823 0.492157 0.232568 0.181946 1.23701
1241 376 2.79165 906 201.6 1 9.56524 0.639216 0 0.139827 1.41563 944.64 207.36 2 8.47643 0.584314 0 0.152289 1.38073
1241 376 5.07276 866.4 218.4 1 8.21785 0.52549 0 0.168902 1.34518 908.237 226.437 5 31.2454 0.364706 0.465136 0.0421082 1.05257
1241 376 0.578164 458.4 68.4 1 29.3926 0.411765 0 0.0494273 1.24081 456 66 1 29.8576 0.468627 0 0.0485708 1.27638
1241 376 1.78254 681.6 150 1 152.805 0.57451 0 0.00995587 1.33542 684 152.4 1 195.603 0.519608 0.232568 0.0077728 1.21117
1241 376 3.11972 1051.2 300 1 7.03867 0.470588 0.232568 0.162636 1.21902 1123.89 319.334 4 6.1057 0.401961 0 0.172071 1.26541
1241 376 1.89419 1012.8 300 1 7.79623 0.703922 0 0.153025 1.46604 1074.24 321.12 2 6.84829 0.621569 0 0.162374 1.40953
1241 376 1.35912 723.6 124.8 1 55.3741 0.686275 0 0.0270303 1.417 729.6 124.8 1 49.3333 0.67451 0 0.0302668 1.4096
1241 376 1.42834 284.4 184.8 1 5.46231 0.296078 0 0.225673 1.21309 219.6 188.4 1 4.55285 0.315686 0 0.248941 1.23076
1241 376 2.52709 301.2 285.6 1 5.17051 0.205882 0 0.240822 1.16312 236.39 311.04 4 4.21886 0.135294 0 0.270994 1.12958
1241 376 2.58315 216 302.4 1 4.91676 0.107843 0 0.228945 1.10485 126.49 333.85 4 3.93938 0.0862745 0 0.251643 1.09797
1241 376 11.9496 548.4 103.2 1 63.905 0.415686 0 0.0237518 1.23688 547.2 91.2 1 60.7935 0.523529 0 0.02491 1.30571
1241 376 1.72492 447.6 218.4 1 15.2537 0.188235 0 0.0953091 1.11983 440.4 223.2 1 13.6913 0.276471 0 0.105565 1.17275
1241 376 0.96762 618 280.8 1 10.6197 0.145098 0 0.143598 1.10657 622.08 292.32 2 9.75407 0.133333 0 0.155998 1.10282
1241 376 1.30256 571.2 232.8 1 19.8418 0.343137 0 0.0770724 1.20561 572.4 237.6 1 18.1914 0.327451 0 0.0840298 1.19785
1241 376 0.845781 540 172.8 2 71.3708 0.809804 0 0.0213564 1.50557 541.44 174.24 2 74.2297 0.77451 0.465136 0.0205429 1.28637
1241 376 0.558863 374.4 40.32 2 53.7608 0.464706 0 0.0254186 1.26799 372.96 38.88 2 64.3457 0.452941 0 0.0212162 1.2595
1241 376 13.9964 544.32 93.6 2 61.785 0.415686 0.465136 0.0245036 1.07595 552.96 105.12 2 69.4063 0.5 0 0.0218993 1.28966
1241 376 15.8788 505.44 66.24 2 48.3753 0.17451 0 0.0307364 1.0979 504 48.96 2 48.9171 0.376471 0 0.0302592 1.21444
1241 376 0.811726 502.56 50.4 2 49.7908 0.352941 0 0.0297225 1.20011 504 48.96 2 48.9171 0.376471 0 0.0302592 1.21444
1241 376 0.605013 457.92 67.68 2 30.7301 0.347059 0.232568 0.0472641 1.11987 456.48 64.8 2 30.077 0.35098 0.232568 0.0482191 1.12228
1241 376 3.15018 1097.28 298.08 2 6.48719 0.464706 0 0.167376 1.30451 1188.86 323.136 3 5.4127 0.505882 0 0.179434 1.33486
1241 376 0.721634 682.56 149.76 2 158.856 0.566667 0 0.00957379 1.33009 685.44 151.2 2 165.722 0.531373 0 0.00917025 1.30672
1241 376 0.628962 630.72 142.56 2 162.537 0.268627 0.232568 0.00944206 1.06869 633.6 142.56 2 273.122 0.256863 0 0.00561731 1.13832
1241 376 1.29619 1054.08 292.32 2 7.0907 0.476471 0 0.160984 1.31053 1126.66 314.496 3 6.24823 0.437255 0 0.167484 1.28676
1241 376 2.21331 1012.32 299.52 2 7.80495 0.686275 0 0.152942 1.45314 1073.09 321.408 3 6.88142 0.660784 0 0.161784 1.43728
1241 376 2.51596 905.76 201.6 2 9.71375 0.605882 0 0.137681 1.39163 943.488 207.36 3 8.59365 0.543137 0 0.150341 1.35207
1241 376 3.0757 1049.76 267.84 2 7.12392 0.284314 0 0.161393 1.19057 1124.93 285.12 3 6.12984 0.303922 0 0.17164 1.20477
1241 376 0.873191 724.32 125.28 2 49.8624 0.623529 0.232568 0.0300154 1.28146 730.08 125.28 2 46.9914 0.631373 0 0.0317728 1.37994
1241 376 2.28467 283.68 184.32 2 5.54372 0.27451 0 0.22231 1.19927 220.32 188.64 2 4.51902 0.317647 0 0.250928 1.23246
1241 376 2.8373 302.4 286.56 2 5.10706 0.158824 0.232568 0.243975 1.06018 236.39 311.04 4 4.21886 0.135294 0 0.270994 1.12958
1241 376 3.46418 216 302.4 2 4.87993 0.109804 0 0.230591 1.1063 126.49 333.85 4 3.93938 0.0862745 0 0.251643 1.09797
1241 376 0.492107 551.52 105.12 2 63.4939 0.541176 0 0.0239296 1.31702 552.96 105.12 2 69.4063 0.5 0 0.0218993 1.28966
1241 376 4.5595 617.76 280.8 2 10.65 0.152941 0 0.143188 1.11083 619.2 296.64 2 9.58821 0.12549 0.930272 0.158542 0.831413
1241 376 1.80112 457.92 53.568 3 29.3386 0.34902 0 0.0493484 1.20247 456.192 51.84 4 27.2961 0.376471 0 0.052954 1.21997
1241 376 2.15019 950.4 214.272 3 7.72811 0.54902 0.232568 0.166387 1.26873 1001.55 219.802 4 6.89061 0.598039 0 0.177153 1.39717
1241 376 1.10684 682.56 150.336 3 167.952 0.586275 0 0.00905545 1.34306 686.016 152.064 3 152.684 0.539216 0 0.00995248 1.31206
1241 376 1.10258 630.72 141.696 3 177.022 0.266667 0.232568 0.00866876 1.06748 632.448 141.696 3 284.943 0.27451 0 0.00538446 1.14836
1241 376 3.46875 1048.9 267.84 3 7.15741 0.280392 0 0.160779 1.1881 1123.89 284.083 4 6.1164 0.290196 0 0.172272 1.19668
1241 376 2.4766 1010.88 300.672 3 7.86809 0.684314 0.232568 0.151905 1.3536 1072.05 319.334 4 6.81259 0.696078 0.465136 0.163719 1.27283
1241 376 2.48708 905.472 202.176 3 9.67158 0.547059 0 0.138328 1.35147 943.488 207.36 3 8.59365 0.543137 0 0.150341 1.35207
1241 376 2.94869 300.672 286.848 3 5.21154 0.15098 0 0.238832 1.13117 236.39 311.04 4 4.21886 0.135294 0 0.270994 1.12958
1241 376 5.46033 214.272 304.128 3 4.90122 0.103922 0.232568 0.229117 1.02841 126.49 333.85 4 3.93938 0.0862745 0 0.251643 1.09797
1241 376 3.0021 359.424 181.44 3 7.08989 0.198039 0 0.189301 1.14669 325.472 185.131 6 6.41645 0.133333 0 0.201817 1.11297
1241 376 1.17768 546.048 174.528 3 89.5459 0.627451 0 0.0170511 1.37319 547.43 176.256 4 58.3096 0.621569 0.465136 0.0261875 1.19301
1241 376 1.121 539.136 174.528 3 71.584 0.717647 0 0.0212887 1.43775 540.864 176.256 3 70.6156 0.72549 0 0.0215911 1.44349
1241 376 0.950631 501.12 50.112 3 52.2352 0.421569 0 0.0283155 1.24166 502.848 48.384 3 50.0567 0.403922 0 0.0295538 1.23106
1241 376 5.13065 418.176 285.12 3 9.90326 0.119608 0.697704 0.142153 0.885966 396.058 300.672 4 9.06702 0.117647 0.465136 0.15205 0.950937
1241 376 2.09393 615.168 285.12 3 10.6844 0.156863 0 0.142601 1.11288 620.006 296.525 4 9.63178 0.152941 0 0.157833 1.11409
1241 376 6.64126 708.48 283.392 3 10.4222 0.17451 0 0.144385 1.12314 727.488 295.488 3 9.65259 0.182353 0.232568 0.154606 1.05372
1241 376 5.22587 688.435 151.373 4 137.323 0.511765 0.465136 0.0110577 1.12587 686.362 151.373 4 173.203 0.556863 0 0.00877172 1.32338
1241 376 1.78785 682.214 149.299 4 165.082 0.580392 0.232568 0.00921322 1.24891 686.362 151.373 4 173.203 0.556863 0 0.00877172 1.32338
1241 376 2.69036 630.375 141.005 4 165.7 0.256863 0.232568 0.00926088 1.06238 634.522 139.346 5 168.898 0.211765 0.930272 0.00908069 0.842499
1241 376 3.72007 1009.84 298.598 4 7.86436 0.611765 0 0.152195 1.39979 1072.47 318.505 5 6.82635 0.647059 0 0.163312 1.42788
1241 376 2.69732 300.672 284.083 4 5.25425 0.137255 0 0.237046 1.12304 236.39 311.04 5 4.13099 0.135294 0 0.276441 1.13081
1241 376 6.2694 213.581 302.746 4 4.88808 0.109804 0 0.229547 1.10607 126.49 333.85 4 3.93938 0.0862745 0 0.251643 1.09797
1241 376 3.67929 358.733 180.403 4 7.2962 0.196078 0.232568 0.183962 1.06722 325.472 185.131 6 6.41645 0.133333 0 0.201817 1.11297
1241 376 2.87688 462.413 60.1344 4 29.11 0.364706 0.465136 0.0499302 1.05422 459.842 59.7197 6 32.4246 0.42549 0 0.0447756 1.2482
1241 376 0.810579 539.136 174.182 4 72.1555 0.735294 0 0.02112 1.45045 541.21 174.182 4 70.7372 0.715686 0 0.0215551 1.43642
1241 376 2.32307 555.725 109.901 4 66.6533 0.370588 0 0.0228327 1.20908 559.872 109.901 4 49.9913 0.396078 0 0.0304621 1.22646
1241 376 0.632747 501.811 49.7664 4 47.8751 0.460784 0 0.030896 1.2669 501.811 47.6928 4 51.5886 0.4 0 0.0286609 1.22842
1241 376 2.94057 418.867 284.083 4 9.68283 0.12549 0.930272 0.145439 0.829237 398.131 298.598 5 9.32754 0.123529 0.930272 0.148171 0.828878
1241 376 3.11306 613.786 284.083 4 10.5875 0.119608 0.465136 0.143925 0.950324 619.592 296.11 5 9.79522 0.15098 0 0.155213 1.11241
1241 376 7.23964 615.859 236.39 4 18.089 0.205882 0.465136 0.0848505 0.980562 611.712 238.464 4 17.8143 0.245098 0 0.0861348 1.15002
1241 376 2.63058 622.08 277.862 4 11.1967 0.113725 0.232568 0.136285 1.01445 623.474 290.238 7 10.2623 0.166667 0.697704 0.148343 0.908183
1241 376 2.03142 723.687 215.654 4 13.8606 0.478431 0 0.108704 1.29817 734.055 221.875 4 13.6805 0.517647 0 0.109638 1.32412
1241 376 2.63688 688.435 248.832 4 15.1413 0.411765 0 0.100325 1.25351 698.72 254.406 7 14.3263 0.34902 0 0.105675 1.21609
1241 376 21.1494 1084.91 293.622 5 6.65558 0.315686 0 0.165565 1.21041 1189.42 320.993 5 5.36936 0.413725 0 0.180849 1.27511
1241 376 1.86193 360.806 181.647 5 7.28787 0.152941 0 0.184522 1.12005 325.472 185.131 6 6.41645 0.133333 0 0.201817 1.11297
1241 376 3.35613 462.828 59.7197 5 29.4068 0.405882 0.465136 0.0494347 1.07604 459.842 59.7197 6 32.4246 0.42549 0 0.0447756 1.2482
1241 376 3.58891 582.267 149.299 5 177.186 0.421569 0 0.0086629 1.23679 585.253 146.313 6 142.948 0.441176 0 0.0107382 1.24949
1241 376 1.74277 539.966 174.182 5 77.9925 0.756863 0 0.0195448 1.46571 539.966 174.182 5 94.1276 0.705882 0 0.0161964 1.42787
1241 376 2.44419 592.22 111.974 5 103.669 0.494118 0 0.0147596 1.28404 592.22 111.974 5 97.7745 0.519608 0 0.0156492 1.30074
1241 376 0.719878 502.641 49.7664 5 45.9176 0.394118 0 0.0322215 1.22569 502.641 47.2781 5 51.3275 0.356863 0 0.028813 1.20225
1241 376 7.66788 420.526 283.669 5 10.9836 0.119608 0.465136 0.128602 0.947416 397.733 297.404 7 9.27182 0.107843 0.697704 0.149031 0.881982
1241 376 0.426883 465.316 231.414 5 13.9053 0.1 0 0.105497 1.07369 456.856 235.893 6 13.7201 0.101961 0 0.106338 1.07492
1241 376 2.29026 619.592 281.18 5 10.9986 0.139216 0.930272 0.138651 0.833815 623.474 290.238 7 10.2623 0.166667 0.697704 0.148343 0.908183
1241 376 0.879982 604.662 233.902 5 17.5646 0.254902 0 0.087374 1.15595 606.155 238.879 6 16.5518 0.280392 0 0.0926779 1.17202
1241 376 1.87125 684.288 149.299 5 139.438 0.494118 0 0.0109018 1.28305 686.776 151.788 5 193.604 0.515686 0 0.00784636 1.29617
1241 376 2.60219 709.171 281.18 5 10.4957 0.221569 0 0.143396 1.14966 722.608 295.612 6 9.23176 0.245098 0 0.161985 1.16759
1241 376 1.92368 724.101 216.484 5 14.3806 0.458824 0 0.104731 1.28449 736.543 221.461 5 13.4567 0.521569 0 0.111356 1.32718
1241 376 1.91117 689.265 248.832 5 15.6397 0.433333 0 0.0970961 1.26628 698.72 254.406 7 14.3263 0.34902 0 0.105675 1.21609
1241 376 14.5906 823.634 256.297 5 8.50811 0.52549 0 0.167875 1.3449 853.494 253.809 5 7.49767 0.478431 0 0.186837 1.31862
1241 376 4.06244 987.863 271.227 5 7.71603 0.531373 0 0.159517 1.34661 1048.08 289.641 6 6.63877 0.539216 0 0.173597 1.35571
1241 376 2.54101 950.538 211.507 5 7.73075 0.501961 0 0.166322 1.32876 1003.29 220.963 6 6.84121 0.443137 0 0.178116 1.29329
1241 376 0.630795 949.543 212.005 6 7.93369 0.392157 0 0.162125 1.25672 999.708 218.574 7 7.01102 0.323529 0 0.174385 1.21731
1241 376 18.3198 877.879 214.991 6 8.32962 0.264706 0 0.165025 1.17982 898.781 214.991 6 8.30889 0.256863 0 0.162424 1.17459
1241 376 3.70455 298.598 286.655 6 5.27987 0.0862745 0.697704 0.235348 0.887715 235.893 310.542 6 4.25087 0.119608 0 0.268921 1.12029
1241 376 0.396751 438.94 155.271 6 28.1594 0.121569 0.930272 0.0515464 0.812217 435.954 155.271 6 29.1184 0.162745 1.16284 0.0497605 0.772961
1241 376 3.38138 462.828 59.7197 6 29.1106 0.45098 0.465136 0.0499359 1.10069 459.842 59.7197 6 32.4246 0.42549 0 0.0447756 1.2482
1241 376 0.809034 582.267 146.313 6 157.276 0.462745 0 0.00975729 1.26279 585.253 146.313 6 142.948 0.441176 0 0.0107382 1.24949
1241 376 2.81224 540.463 173.187 6 67.4909 0.705882 0 0.0225862 1.42969 540.463 176.173 6 108.858 0.635294 0 0.0140081 1.37775
1241 376 0.585021 591.225 113.467 6 92.828 0.464706 0 0.0164853 1.26573 594.211 113.467 6 95.617 0.507843 0 0.0160075 1.2932
1241 376 2.03121 519.561 74.6496 6 57.7181 0.237255 0.465136 0.0259457 0.984399 519.561 75.2468 7 56.9907 0.217647 0.697704 0.0262797 0.909162
1241 376 7.43232 421.024 283.669 6 10.6322 0.113725 0.465136 0.132843 0.945436 397.733 297.404 7 9.27182 0.107843 0.697704 0.149031 0.881982
1241 376 2.75049 606.155 232.907 6 17.5032 0.276471 0 0.0876949 1.16856 606.155 238.879 6 16.5518 0.280392 0 0.0926779 1.17202
1241 376 2.06258 686.776 149.299 6 116.223 0.482353 0 0.0130709 1.27608 687.971 150.494 7 143.314 0.411765 0 0.0105961 1.23122
1241 376 4.14011 707.678 280.683 6 10.5941 0.229412 0 0.142135 1.15388 722.608 295.612 6 9.23176 0.245098 0 0.161985 1.16759
1241 376 2.09427 725.594 214.991 6 14.1951 0.427451 0 0.106054 1.26483 737.538 220.963 6 13.3961 0.523529 0 0.111818 1.3286
1241 376 1.37373 988.361 271.725 6 7.60491 0.494118 0 0.161816 1.32237 1046.29 286.655 7 6.60524 0.556863 0 0.174931 1.36809
1241 376 1.40654 257.989 85.9964 7 17.2392 0.127451 0 0.0709306 1.08103 240.073 82.4132 7 17.4239 0.105882 0 0.0687742 1.06897
1241 376 5.96871 419.232 283.071 7 10.6537 0.115686 0.697704 0.13242 0.882511 397.733 297.404 7 9.27182 0.107843 0.697704 0.149031 0.881982
1241 376 1.33353 580.475 146.91 7 159.613 0.411765 0 0.00961308 1.23097 584.059 146.91 7 124.109 0.482353 0 0.0123671 1.2759
1241 376 3.4773 537.477 171.993 7 102.982 0.537255 0 0.0147938 1.31204 541.06 175.576 7 70.9387 0.639216 0 0.0214937 1.38252
1241 376 1.19384 591.225 114.662 7 85.9265 0.498039 0 0.0178121 1.28735 594.808 114.662 7 94.7095 0.441176 0 0.0161641 1.25085
1241 376 1.58813 519.561 75.2468 7 59.1713 0.260784 0.697704 0.0253123 0.928805 519.561 75.2468 7 56.9907 0.217647 0.697704 0.0262797 0.909162
1241 376 4.26901 619.89 275.905 7 11.7204 0.160784 0.697704 0.13024 0.902243 623.474 290.238 7 10.2623 0.166667 0.697704 0.148343 0.908183
1241 376 0.734307 727.386 214.991 7 14.0258 0.445098 0 0.107264 1.27635 738.135 218.574 7 13.5362 0.390196 0 0.110642 1.24263
1241 376 0.934435 684.388 150.494 7 157.233 0.435294 0 0.00966803 1.24555 687.971 150.494 7 143.314 0.411765 0 0.0105961 1.23122
 0.454902 0 0.0392038 1.26528 641.39 189.909 7 38.1757 0.445098 0.232568 0.0402424 1.17448
1241 376 2.99744 684.388 154.077 7 93.0286 0.368627 0 0.0163481 1.20633 684.388 150.494 7 157.233 0.435294 0 0.00966803 1.24555
22.157 7 8.85325 0.339216 0 0.157812 1.22283
1241 376 19.2567 849.214 222.157 7 10.5687 0.343137 0 0.132584 1.21907 856.38 222.157 7 8.85325 0.339216 0 0.157812 1.22283
1241 376 6.93585 204.241 93.1627 7 20.589 0.258824 0 0.0560073 1.15098 193.492 85.9964 7 17.5089 0.380392 0 0.0648498 1.22528
1241 376 2.12319 612.724 265.155 7 14.118 0.188235 0 0.108306 1.12275 616.307 268.739 7 12.6273 0.196078 0 0.121027 1.13003
1241 376 2.404 598.391 236.49 7 17.969 0.284314 0 0.085354 1.1726 601.974 236.49 7 16.9137 0.298039 0 0.0906968 1.18194
1241 376 1.3314 533.894 229.324 7 24.7728 0.276471 0 0.0612242 1.16239 533.894 225.74 7 23.4676 0.256863 0 0.0646386 1.15184
1241 376 8.91554 412.066 139.744 7 19.8421 0.107843 0.697704 0.0716059 0.86843 397.733 139.744 7 18.6948 0.131373 0 0.0751506 1.08406
1241 376 14.1595 401.316 132.578 7 21.7583 0.123529 0.697704 0.0647838 0.874074 397.733 139.744 7 18.6948 0.131373 0 0.0751506 1.08406
1241 376 1.37217 465.814 75.2468 7 33.886 0.447059 0.697704 0.0431261 1.02311 462.23 68.0805 7 36.1062 0.388235 0 0.0403468 1.22408
1241 376 2.72307 576.892 154.077 7 142.35 0.401961 0 0.0107794 1.22524 580.475 146.91 7 97.5739 0.415686 0 0.0157239 1.2349
1241 376 2.65557 587.642 121.828 7 89.6118 0.476471 0 0.0170907 1.27335 587.642 118.245 7 80.7139 0.443137 0 0.0189659 1.25278
1241 376 4.13653 515.978 85.9964 7 58.3088 0.22549 0.697704 0.0257074 0.91263 519.561 82.4132 7 62.5232 0.223529 0 0.0239903 1.12363
1241 376 1.22473 684.388 272.322 7 12.7455 0.264706 0 0.118971 1.169 691.554 275.905 7 11.5415 0.24902 0 0.13112 1.16269
1241 376 1.69585 680.805 157.66 7 92.828 0.437255 0 0.0164032 1.24846 684.388 154.077 7 93.0286 0.368627 0 0.0163481 1.20633
1241 376 2.42768 913.711 265.155 7 9.26879 0.458824 0 0.142724 1.29428 953.126 268.739 7 8.22527 0.419608 0 0.15504 1.27228
 37.9482 487.313 68.0805 7 55.8948 0.290196 1.16284 0.0264154 0.819984 515.978 85.9964 7 58.3088 0.22549 0.697704 0.0257074 0.91263
1241 376 0.780562 677.221 268.739 7 13.3983 0.254902 0 0.113403 1.16199 684.388 272.322 7 12.7455 0.264706 0 0.118971 1.169
1241 376 3.88774 748.885 240.073 7 11.4455 0.423529 0.697704 0.130139 1.02889 759.635 240.073 7 10.7998 0.415686 0 0.13727 1.26528
1241 376 1.68464 677.221 161.243 7 108.63 0.435294 0.465136 0.0140319 1.08428 680.805 157.66 7 92.828 0.437255 0 0.0164032 1.24846
1241 376 20.5694 956.709 290.238 7 8.76352 0.319608 0 0.144398 1.20766 981.792 293.821 7 8.53163 0.32549 0 0.144475 1.21123
7 7.33558 0.186275 0 0.142901 1.12943
1241 376 2.96361 673.638 164.826 7 189.572 0.45098 0 0.00804769 1.25496 677.221 161.243 7 108.63 0.435294 0.465136 0.0140319 1.08428
1241 376 1.14924 856.38 257.989 7 11.405 0.472549 0 0.121658 1.29772 881.463 265.155 7 10.3459 0.484314 0.697704 0.131403 1.06091
1241 376 5.82915 852.797 214.991 7 11.803 0.601961 0 0.11825 1.38352 881.463 214.991 7 10.5176 0.596078 0 0.129756 1.38263
6 0 0.11096 1.39102 852.797 214.991 7 11.803 0.601961 0 0.11825 1.38352
0157761 1.12803 674.833 164.229 6 123.847 0.519608 0 0.0123163 1.29987
1241 376 1.01652 627.057 197.075 6 44.8193 0.480392 0.232568 0.0343138 1.19398 630.043 200.061 6 41.2213 0.503922 0.232568 0.0372996 1.20883
1241 376 3.29747 895.795 271.725 6 10.4561 0.417647 0 0.128253 1.26424 924.461 283.071 7 9.44993 0.394118 0.697704 0.138204 1.01551
1241 376 0.873207 1048.08 176.173 6 10.8973 0.184314 0 0.10487 1.11978 1092.87 179.159 7 9.71711 0.192157 0 0.111537 1.12568
1241 376 4.83229 961.487 77.6356 6 10.7536 0.211765 0 0.116561 1.13791 1003.29 68.6776 6 9.12357 0.25098 0 0.131605 1.16394
1241 376 7.10578 1057.04 122.425 6 9.53849 0.166667 0 0.118662 1.11301 1103.62 118.245 7 9.28171 0.14902 0 0.115123 1.10245
1241 376 5.97425 913.711 280.683 6 9.95095 0.417647 0.232568 0.132512 1.18005 946.557 289.641 6 9.20329 0.419608 0.232568 0.138794 1.18269
1241 376 0.687137 922.669 200.061 6 10.9326 0.180392 1.16284 0.120113 0.790861 955.515 206.033 6 9.83801 0.164706 0 0.129328 1.11429
1241 376 1.87206 1071.97 250.823 6 7.12438 0.443137 0 0.157287 1.28792 1146.62 265.155 7 6.20804 0.445098 1.62798 0.164933 0.792267
1241 376 4.68431 816.965 207.825 7 13.0779 0.603922 0 0.109547 1.38247 831.298 211.408 7 12.7794 0.615686 0 0.11096 1.39102
1241 376 1.37384 1046.29 175.576 7 10.9361 0.192157 0 0.104716 1.12414 1092.87 179.159 7 9.71711 0.192157 0 0.111537 1.12568
1241 376 1.72679 1053.46 121.828 7 10.3354 0.168627 0 0.109778 1.11212 1103.62 118.245 7 9.28171 0.14902 0 0.115123 1.10245
1241 376 0.456289 537.477 225.74 7 35.0955 0.211765 0 0.043305 1.12136 537.477 229.324 7 29.1995 0.209804 0 0.0520172 1.12222
1241 376 2.49 379.817 125.411 7 22.3929 0.0882353 0 0.0618613 1.05812 369.068 125.411 7 23.6843 0.0901961 0 0.0579895 1.05833
1241 376 2.3747 476.563 82.4132 7 41.4655 0.401961 0 0.0355055 1.23131 472.98 82.4132 7 42.078 0.458824 0.697704 0.034927 1.02746
1241 376 1.63768 533.894 182.742 7 74.101 0.482353 0 0.020538 1.27798 533.894 186.325 7 102.62 0.507843 0 0.0148335 1.2929
1241 376 0.348799 490.896 68.0805 7 51.0846 0.333333 0 0.0289448 1.18822 490.896 68.0805 7 49.4289 0.347059 0 0.0299127 1.19663
1241 376 2.9216 677.221 275.905 7 11.8342 0.211765 0 0.128286 1.14058 687.971 286.655 7 10.8238 0.264706 0 0.139702 1.17386
1241 376 18.3125 920.878 275.905 7 9.76101 0.35098 0.697704 0.134302 0.993064 974.625 283.071 7 8.81978 0.429412 0 0.140908 1.27493
1241 376 4.94605 1067.79 250.823 7 7.26113 0.470588 0 0.15502 1.30512 1146.62 265.155 7 6.20804 0.445098 1.62798 0.164933 0.792267
1241 376 2.72201 892.212 272.322 7 10.8155 0.382353 0 0.124314 1.24115 924.461 283.071 7 9.44993 0.394118 0.697704 0.138204 1.01551
376 1.33327 211.408 211.408 7 13.5254 0.0843137 0.697704 0.085814 0.860715 182.742 211.408 7 12.5712 0.0803922 0.697704 0.089045 0.859585
1241 376 2.2079 236.49 146.91 7 15.6299 0.121569 0 0.0766212 1.07908 211.408 143.327 7 14.7523 0.129412 0 0.078747 1.08378
1241 376 4.22922 343.985 261.572 7 8.50842 0.147059 0 0.155506 1.1103 315.32 272.322 7 7.27458 0.154902 0 0.175954 1.11923
1241 376 0.22395 541.06 218.574 7 37.5974 0.113725 0 0.0404883 1.06712 541.06 218.574 7 30.6361 0.139216 0 0.0496721 1.08279
1241 376 4.19523 451.481 150.494 7 29.8152 0.107843 0 0.0490607 1.06581 451.481 150.494 7 24.9123 0.101961 0 0.0586709 1.06472
1241 376 3.65918 476.563 78.83 7 43.7687 0.331373 0 0.0336189 1.18816 476.563 78.83 7 42.9669 0.301961 0.697704 0.0342449 0.949821
1241 376 2.99912 530.311 179.159 7 92.8988 0.52549 0 0.0163669 1.30476 533.894 179.159 7 75.0522 0.621569 0 0.0202773 1.37004
1241 376 3.90483 637.806 272.322 7 11.388 0.347059 0 0.134077 1.22182 644.973 283.071 7 10.4271 0.352941 0 0.1461 1.22837
1241 376 6.48491 849.214 243.656 7 13.6716 0.292157 0.232568 0.101997 1.10154 863.547 250.823 7 11.7071 0.354902 0 0.117875 1.22266
6 0.288235 0 0.0838073 1.17454 763.218 236.49 7 19.0947 0.37451 0 0.0772174 1.2247
1241 376 0.460911 412.066 100.329 7 32.89 0.419608 0 0.0431386 1.24412 408.483 100.329 7 30.3598 0.445098 0 0.0465972 1.26095
1241 376 0.96232 476.563 89.5795 7 46.2833 0.327451 0 0.0318574 1.18542 476.563 89.5795 7 45.081 0.345098 0 0.0327052 1.19613
1241 376 2.43762 738.135 204.241 7 19.7227 0.433333 0.697704 0.0758408 1.02278 748.885 204.241 7 17.4243 0.47451 0 0.085461 1.28962
1241 376 1.70259 670.055 222.157 7 20.5423 0.443137 0 0.0743988 1.26674 677.221 225.74 7 19.5892 0.435294 0 0.0778838 1.26266
1241 376 2.36849 293.821 157.66 7 18.0781 0.139216 0 0.0707109 1.08736 279.488 157.66 7 17.221 0.117647 0 0.0730737 1.0762
1241 376 0.743204 472.98 211.408 7 15.0646 0.164706 0 0.0979815 1.10733 465.814 214.991 7 13.0884 0.156863 0.697704 0.112179 0.897229
1241 376 64.7188 612.724 197.075 7 41.9333 0.305882 0 0.0366924 1.17384 562.56 161.243 7 181.408 0.333333 0 0.00844411 1.18336
1241 376 2.40771 562.56 161.243 7 107.861 0.356863 0.465136 0.0142 1.04261 562.56 161.243 7 181.408 0.333333 0 0.00844411 1.18336
1241 376 0.741383 487.313 82.4132 7 68.6535 0.231373 0 0.0215733 1.1275 487.313 82.4132 7 68.4693 0.258824 0.232568 0.0216312 1.06606
1241 376 1.55765 881.463 118.245 7 11.5412 0.147059 0 0.117764 1.10195 910.128 111.079 7 10.7771 0.184314 0 0.122907 1.12383
1241 376 1.03894 895.795 261.572 7 10.5422 0.221569 0 0.12734 1.14597 928.044 268.739 7 9.68479 0.298039 0 0.134556 1.19236
1241 376 0.450834 759.635 286.655 7 10.939 0.303922 0 0.134633 1.19589 777.55 297.404 7 10.0595 0.315686 0 0.144866 1.20541
1241 376 4.64773 842.048 229.324 7 13.9368 0.335294 0.697704 0.100718 0.978709 867.13 232.907 7 12.4207 0.356863 0 0.110856 1.22214
1241 376 0.126307 623.474 261.572 7 14.3803 0.182353 0 0.1064 1.11902 627.057 268.739 7 13.6274 0.239216 0 0.112148 1.15262
376 0.574765 486.715 83.6076 6 76.2613 0.223529 0 0.0194226 1.1226 486.715 80.6216 6 73.8627 0.221569 0 0.0200415 1.12164
1241 376 5.51998 424.01 259.781 6 12.4922 0.215686 0 0.113911 1.13954 415.052 262.767 6 11.7659 0.25098 0.232568 0.120035 1.08299
1241 376 2.76115 573.309 262.767 6 13.502 0.129412 0.232568 0.1128 1.01765 573.309 265.155 7 11.7666 0.1 0 0.129334 1.07882
1241 376 0.63257 880.865 89.5795 6 21.3203 0.196078 0 0.0631396 1.11702 895.795 83.6076 6 20.8516 0.172549 0 0.0636495 1.10407
1241 376 2.47776 779.342 295.612 6 9.74138 0.203922 0 0.14955 1.14096 803.23 307.556 6 8.57463 0.186275 0.465136 0.167402 0.98716
1241 376 10.2366 895.795 191.103 6 15.2468 0.152941 0 0.0879625 1.09863 924.461 182.742 7 15.1054 0.15098 1.62798 0.0863744 0.673257
1241 376 1.99029 1048.08 101.523 6 14.9065 0.639216 0 0.0759773 1.39767 1082.12 96.7459 7 13.3312 0.568627 0 0.0815942 1.35071
1241 376 6.32102 1113.77 176.173 6 13.9297 0.358824 0.232568 0.0751622 1.13278 1161.55 173.187 6 11.3267 0.394118 0.232568 0.0871653 1.15572
1241 376 1.76798 940.585 286.655 6 9.90973 0.190196 0.232568 0.129535 1.05257 978.209 297.404 7 8.9485 0.186275 0 0.138056 1.12834
1241 376 35.0434 996.125 197.075 7 13.3864 0.331373 0.697704 0.0904081 0.97478 1057.04 175.576 7 11.8259 0.213725 0.697704 0.0954196 0.920016
1241 376 40.5202 1092.87 225.74 7 7.15792 0.109804 0.232568 0.152685 1.01579 1150.2 200.658 7 9.45403 0.24902 0.697704 0.106493 0.938472
1241 376 4.33545 1092.87 197.075 7 10.4961 0.311765 0.465136 0.103061 1.03764 1150.2 200.658 7 9.45403 0.24902 0.697704 0.106493 0.938472
1241 376 1.27695 1046.29 189.909 7 11.2337 0.421569 0 0.101888 1.26006 1092.87 189.909 7 10.2371 0.345098 0 0.105736 1.21373
1241 376 13.3786 200.658 175.576 7 13.5807 0.0960784 0 0.0843953 1.06707 171.993 186.325 7 13.3844 0.109804 0 0.082644 1.07404
1241 376 0.233948 200.658 207.825 7 14.205 0.0941176 0 0.0807313 1.06525 171.993 207.825 7 13.3882 0.113725 0 0.082603 1.07614
1241 376 9.84818 419.232 261.572 7 11.9462 0.203922 0.232568 0.118624 1.05751 412.066 261.572 7 12.0054 0.196078 0 0.117427 1.12922
1241 376 8.61205 157.66 179.159 7 12.0314 0.107843 0 0.0901074 1.07459 111.079 179.159 7 11.3074 0.115686 0 0.0901519 1.07883
1241 376 9.06887 419.232 85.9964 7 34.3422 0.378431 0 0.0414394 1.21836 422.815 85.9964 7 32.9115 0.313726 1.62798 0.0433392 0.724074
1241 376 2.7802 551.81 157.66 7 148.317 0.317647 0.697704 0.0103039 0.952727 555.393 154.077 7 114.386 0.378431 0 0.0133667 1.21154
1241 376 10.4652 641.39 111.079 7 25.3783 0.113725 0 0.0602335 1.07134 648.556 96.7459 7 27.6024 0.139216 0 0.0552078 1.08399
1241 376 2.80801 1125.12 89.5795 7 13.6025 0.496078 0.697704 0.0756464 1.05533 1168.12 78.83 7 11.8985 0.364706 0.232568 0.081919 1.13765
1241 376 1.01257 1046.29 103.912 7 14.5812 0.572549 0 0.0778823 1.35236 1082.12 96.7459 7 13.3312 0.568627 0 0.0815942 1.35071
1241 376 12.3057 892.212 189.909 7 15.2827 0.147059 0 0.0880458 1.09542 924.461 182.742 7 15.1054 0.15098 1.62798 0.0863744 0.673257
1241 376 8.25645 877.88 89.5795 7 21.8 0.182353 0 0.0619026 1.10911 885.046 85.9964 7 22.7967 0.121569 0.697704 0.0587697 0.872168
1241 376 17.3897 945.96 272.322 7 9.80046 0.188235 0 0.130526 1.12775 978.209 297.404 7 8.9485 0.186275 0 0.138056 1.12834
1241 376 12.8745 913.711 189.909 7 16.429 0.168627 1.62798 0.0801817 0.678383 924.461 182.742 7 15.1054 0.15098 1.62798 0.0863744 0.673257
.4615 0.0921569 0 0.0456378 1.05676 469.397 157.66 7 33.1059 0.0882353 0.697704 0.0446676 0.855337
1241 376 1.29488 422.815 89.5795 7 36.4724 0.390196 0 0.0391457 1.22498 419.232 85.9964 7 34.3422 0.378431 0 0.0414394 1.21836
1241 376 1.86598 641.39 114.662 7 25.1351 0.131373 0 0.0608468 1.08097 641.39 111.079 7 25.3783 0.113725 0 0.0602335 1.07134
1241 376 3.29107 555.393 157.66 7 66.3478 0.331373 0 0.0230435 1.18565 551.81 157.66 7 148.317 0.317647 0.697704 0.0103039 0.952727
1241 376 2.05166 487.313 85.9964 7 75.1574 0.217647 0 0.0197214 1.11937 487.313 82.4132 7 59.7579 0.215686 0 0.02478 1.11941
1241 376 12.8207 885.046 182.742 7 16.723 0.172549 0 0.0809122 1.10789 913.711 189.909 7 16.429 0.168627 1.62798 0.0801817 0.678383
1241 376 39.4327 1042.71 175.576 7 11.9545 0.341176 0.697704 0.0960371 0.980674 1046.29 189.909 7 11.2337 0.421569 0 0.101888 1.26006
1241 376 2.2866 1089.29 96.7459 7 13.8518 0.419608 0.232568 0.0777717 1.16834 1125.12 89.5795 7 13.6025 0.496078 0.697704 0.0756464 1.05533
1241 376 15.2291 745.302 283.071 7 11.5517 0.135294 0 0.128383 1.09782 773.967 293.821 7 10.3484 0.160784 0 0.141152 1.11474
1241 376 5.34553 687.971 197.075 7 28.0164 0.417647 0.697704 0.0543444 1.01044 695.137 193.492 7 27.047 0.368627 0 0.0561806 1.21598
1241 376 2.56743 913.711 261.572 7 10.8664 0.192157 0 0.121439 1.12791 945.96 272.322 7 9.80046 0.188235 0 0.130526 1.12775
1241 376 2.36647 1017.62 111.079 7 15.0514 0.584314 0.697704 0.0780691 1.10347 1046.29 103.912 7 14.5812 0.572549 0 0.0778823 1.35236
5 6 14.8649 0.454902 0.465136 0.0833788 1.11025
1241 376 3.25061 1116.76 223.949 6 12.17 0.45098 0 0.0858787 1.27464 1164.53 223.949 6 11.1498 0.441176 0 0.0881958 1.269
1241 376 2.69238 988.958 293.821 7 8.5681 0.32549 0.232568 0.142731 1.12921 1039.12 304.57 7 7.69104 0.329412 0.465136 0.150478 1.05682
1241 376 19.2502 311.737 150.494 7 21.1701 0.103922 1.62798 0.0615762 0.654348 315.32 154.077 7 22.0219 0.0901961 0 0.0594359 1.05864
1241 376 8.15704 444.315 279.488 7 11.0443 0.190196 0.697704 0.130083 0.915581 433.565 283.071 7 11.4786 0.203922 0 0.124259 1.1352
1241 376 52.3336 290.238 257.989 7 14.7453 0.127451 0 0.0859047 1.08427 214.991 261.572 7 16.1392 0.137255 0 0.0722362 1.08662
1241 376 2.95526 426.399 89.5795 7 44.7354 0.317647 0 0.0320127 1.17966 422.815 89.5795 7 36.4724 0.390196 0 0.0391457 1.22498
1241 376 1.75733 523.145 182.742 7 65.9818 0.309804 0 0.0229859 1.17292 523.145 182.742 7 75.9806 0.331373 0 0.0199636 1.18492
1241 376 2.79602 490.896 85.9964 7 56.9979 0.229412 0.697704 0.0260367 0.914482 487.313 85.9964 7 75.1574 0.217647 0 0.0197214 1.11937
1241 376 3.44774 870.713 186.325 7 16.3565 0.141176 0 0.0838031 1.09128 885.046 182.742 7 16.723 0.172549 0 0.0809122 1.10789
1241 376 1.85705 1078.54 157.66 7 13.3213 0.633333 0 0.0822606 1.39531 1114.37 154.077 7 12.9296 0.62549 0 0.0810009 1.3895
1241 376 4.58337 1110.79 93.1627 7 12.4521 0.482353 0 0.0843334 1.29439 1150.2 85.9964 7 12.0748 0.529412 0.697704 0.0826564 1.07458
1241 376 0.336509 705.887 218.574 7 25.8161 0.3 0 0.0586012 1.17553 709.47 218.574 7 26.0933 0.294118 0 0.0579038 1.17192
1241 376 1.16473 684.388 197.075 7 28.4229 0.407843 0 0.0536187 1.23942 687.971 197.075 7 28.0164 0.417647 0.697704 0.0543444 1.01044
1241 376 46.0857 1114.37 222.157 7 12.2796 0.429412 0.232568 0.0853641 1.17587 1114.37 211.408 7 12.0187 0.515686 0 0.0872766 1.31692
1241 376 0.632029 1074.95 211.408 7 12.7407 0.476471 0 0.0864713 1.29115 1114.37 211.408 7 12.0187 0.515686 0 0.0872766 1.31692
1241 376 2.87428 992.541 114.662 7 16.9989 0.560784 0 0.0710468 1.34259 1017.62 111.079 7 15.0514 0.584314 0.697704 0.0780691 1.10347
1241 376 1.90818 888.629 254.406 7 11.7587 0.166667 0 0.114798 1.11215 913.711 261.572 7 10.8664 0.192157 0 0.121439 1.12791
1241 376 1.2979 949.543 197.075 7 15.8791 0.390196 0 0.0800181 1.23504 971.042 197.075 7 15.6348 0.443137 0 0.0794257 1.26802
.35523 1110.79 93.1627 7 12.4521 0.482353 0 0.0843334 1.29439
1241 376 2.02397 949.543 283.669 6 9.52342 0.352941 0 0.13373 1.22534 988.958 293.821 7 8.5681 0.32549 0.232568 0.142731 1.12921
1241 376 1.85998 1077.94 220.963 6 13.348 0.437255 0 0.0821368 1.26498 1116.76 223.949 6 12.17 0.45098 0 0.0858787 1.27464
1241 376 66.5666 809.799 229.324 7 15.5233 0.158824 0 0.092491 1.10286 870.713 186.325 7 16.3565 0.141176 0 0.0838031 1.09128
1241 376 2.26437 777.55 207.825 7 19.0525 0.180392 0 0.076909 1.11135 784.717 207.825 7 18.317 0.172549 0 0.079672 1.10761
1241 376 3.99192 684.388 193.492 7 23.0465 0.366667 0 0.0661588 1.21721 684.388 197.075 7 28.4229 0.407843 0 0.0536187 1.23942
1241 376 1.6578 189.909 136.161 7 10.5348 0.117647 0 0.106728 1.08347 146.91 132.578 7 9.26898 0.103922 0 0.11455 1.07774
1241 376 3.32934 315.32 250.823 7 14.628 0.15098 0 0.0888848 1.09775 290.238 257.989 7 14.7453 0.127451 0 0.0859047 1.08427
1241 376 2.50964 458.647 268.739 7 12.7211 0.22549 0 0.114298 1.14523 444.315 279.488 7 11.0443 0.190196 0.697704 0.130083 0.915581
1241 376 2.68208 451.481 247.24 7 14.4594 0.221569 0 0.100505 1.13984 440.731 250.823 7 14.0599 0.233333 0 0.102595 1.14704
1241 376 3.40325 326.07 154.077 7 20.6188 0.0921569 0.232568 0.0641129 0.98919 311.737 150.494 7 21.1701 0.103922 1.62798 0.0615762 0.654348
1241 376 2.5554 240.073 143.327 7 15.963 0.123529 0 0.0753425 1.07986 214.991 139.744 7 14.5901 0.107843 0 0.0799363 1.07241
1241 376 2.37868 1046.29 161.243 7 14.7492 0.556863 0.697704 0.0771969 1.08824 1078.54 157.66 7 13.3213 0.633333 0 0.0822606 1.39531
1241 376 2.82519 1074.95 100.329 7 14.5373 0.494118 0 0.0754021 1.29971 1110.79 93.1627 7 12.4521 0.482353 0 0.0843334 1.29439
1241 376 20.1909 343.985 157.66 7 21.711 0.0941176 0 0.0619614 1.06125 311.737 150.494 7 21.1701 0.103922 1.62798 0.0615762 0.654348
1241 376 0.785033 856.38 186.325 7 18.2923 0.111765 0.697704 0.075773 0.87086 870.713 186.325 7 16.3565 0.141176 0 0.0838031 1.09128
1241 376 39.7862 816.965 161.243 7 19.7326 0.17451 0 0.0723464 1.10708 816.965 121.828 7 25.8547 0.133333 0 0.0549684 1.08076
1241 376 1.84038 845.631 103.912 7 25.1844 0.188235 0 0.055108 1.11087 856.38 100.329 7 21.9673 0.147059 0 0.0626566 1.08987
1241 376 0.777567 523.145 182.742 7 431.378 0.309804 0 0.00351869 1.16837 523.145 182.742 7 65.9818 0.309804 0 0.0229859 1.17292
1241 376 3.58839 490.896 89.5795 7 89.6341 0.25098 0 0.0165761 1.13747 490.896 85.9964 7 56.9979 0.229412 0.697704 0.0260367 0.914482
1241 376 7.45305 752.468 179.159 7 26.2984 0.186275 0 0.0564343 1.11007 759.635 171.993 7 24.7704 0.22549 0.930272 0.0596966 0.856932
1241 376 3.30471 971.042 121.828 7 17.1126 0.511765 0.697704 0.0723159 1.06294 992.541 114.662 7 16.9989 0.560784 0 0.0710468 1.34259
1241 376 0.412531 945.96 121.828 7 18.4752 0.511765 0 0.0687418 1.30948 963.876 118.245 7 17.9344 0.464706 0 0.0694832 1.27922
1241 376 3.70851 1042.71 211.408 7 12.9905 0.476471 0.465136 0.0882156 1.12338 1074.95 211.408 7 12.7407 0.476471 0 0.0864713 1.29115
1241 376 13.3776 856.38 254.406 7 12.7225 0.135294 0 0.10895 1.09356 888.629 254.406 7 11.7587 0.166667 0 0.114798 1.11215
1241 376 1.34967 949.543 283.071 7 9.5557 0.333333 0 0.133279 1.21327 988.958 293.821 7 8.5681 0.32549 0.232568 0.142731 1.12921
22111 0.919353
1241 376 0.843799 689.762 191.103 6 22.6297 0.37451 0 0.067283 1.22227 692.748 194.089 6 24.128 0.382353 0 0.0630384 1.22603
1241 376 0.791634 773.37 235.893 6 17.4443 0.14902 0 0.0840962 1.09563 782.328 241.865 6 16.5247 0.12549 0 0.0882945 1.08372
1241 376 2.95705 955.515 158.257 6 17.9449 0.388235 0 0.0702291 1.23141 971.042 157.66 7 17.2704 0.362745 0.697704 0.0717853 0.98651
1241 376 2.64762 925.655 164.229 6 18.3516 0.276471 0 0.0708303 1.16463 943.571 167.215 6 16.2043 0.290196 0.465136 0.0788753 1.02156
1241 376 1.62066 955.515 122.425 6 17.7926 0.57451 0.465136 0.0706967 1.17569 973.431 119.439 6 17.4826 0.537255 0 0.0705693 1.32676
1241 376 2.81976 931.627 125.411 6 20.7587 0.441176 0 0.0620348 1.26238 945.96 121.828 7 18.4752 0.511765 0 0.0687418 1.30948
1241 376 2.71186 943.571 229.921 6 10.2891 0.172549 0 0.124964 1.11769 974.625 236.49 7 9.20268 0.170588 0 0.135477 1.11895
1241 376 2.64048 155.271 131.383 6 9.88033 0.129412 0 0.108788 1.09031 100.329 128.995 7 9.05099 0.137255 0 0.110319 1.09493
1241 376 1.50848 229.921 137.355 6 10.4142 0.115686 0.465136 0.113253 0.942663 189.909 136.161 7 10.5348 0.117647 0 0.106728 1.08347
1241 376 1.97759 343.388 149.299 6 20.9643 0.101961 0 0.0640898 1.06588 328.458 152.285 6 20.5363 0.0960784 0 0.064511 1.06284
1241 376 4.19576 438.94 65.6917 6 37.5919 0.411765 0.465136 0.0382177 1.07679 429.982 68.0805 7 35.4896 0.388235 0 0.0402638 1.22406
1241 376 1.5178 558.379 158.257 6 125.852 0.401961 0 0.0121594 1.22558 555.393 161.243 6 174.609 0.441176 0 0.00876093 1.249
1241 376 1.18276 528.519 179.159 6 117.494 0.368627 0 0.0129354 1.20551 525.533 182.145 6 95.1654 0.4 0 0.015954 1.22531
1241 376 1.98483 495.673 86.5936 6 75.4406 0.241176 0.465136 0.0197215 0.985104 492.687 89.5795 6 74.8099 0.252941 0 0.0198726 1.13934
1241 376 1.2182 471.786 259.781 6 13.8631 0.211765 0 0.105881 1.13548 458.647 268.739 7 12.7211 0.22549 0 0.114298 1.14523
1241 376 1.46977 462.828 241.865 6 15.1972 0.215686 0 0.0963661 1.13555 451.481 247.24 7 14.4594 0.221569 0 0.100505 1.13984
1241 376 1.37801 334.43 244.851 6 16.565 0.15098 0 0.0801209 1.09583 316.514 250.823 6 14.2217 0.123529 0 0.0914981 1.08336
1241 376 4.63727 591.225 301.584 6 9.55199 0.172549 0.465136 0.158602 0.978685 588.239 313.528 6 8.75082 0.160784 0 0.172522 1.12176
1241 376 1.41219 728.58 68.6776 6 20.5211 0.282353 0 0.0723097 1.1684 731.566 65.6917 6 20.5426 0.311765 0 0.0720983 1.18566
1241 376 1.76264 671.846 62.7057 6 30.6127 0.25098 0 0.049238 1.14492 671.846 62.7057 6 30.6951 0.266667 0.465136 0.0491056 1.00362
1241 376 1.86254 749.482 271.725 6 12.6179 0.172549 0.465136 0.117457 0.970664 758.44 280.683 6 12.1196 0.172549 0 0.121616 1.11695
1241 376 1.03118 800.244 298.598 6 9.77799 0.196078 0 0.147089 1.13594 821.146 313.528 6 8.5901 0.184314 0 0.164975 1.13332
1241 376 10.1805 851.006 197.075 6 12.9453 0.207843 0.465136 0.10791 0.986061 877.879 206.033 6 12.9639 0.176471 1.16284 0.105322 0.78698
1241 376 3.96535 1024.19 161.243 6 15.5306 0.570588 0.465136 0.0752294 1.17445 1046.29 161.243 7 14.7492 0.556863 0.697704 0.0771969 1.08824
1241 376 10.2775 1033.15 116.453 6 15.4246 0.392157 0.232568 0.0747966 1.15173 1051.07 119.439 6 14.2398 0.327451 0.465136 0.0794027 1.04088
1241 376 0.458407 919.683 271.725 6 10.5779 0.347059 0 0.123955 1.21935 949.543 283.071 7 9.5557 0.333333 0 0.133279 1.21327
1241 376 0.806666 1014.04 207.825 7 14.3482 0.394118 0 0.0825119 1.23808 1042.71 211.408 7 12.9905 0.476471 0.465136 0.0882156 1.12338
1241 376 1.61462 999.708 214.991 7 14.5504 0.345098 0 0.082693 1.20815 1024.79 218.574 7 13.6688 0.376471 0 0.0855642 1.22795
1241 376 3.24377 687.971 236.49 7 19.4346 0.215686 0 0.0782206 1.13144 687.971 240.073 7 21.0403 0.221569 0.697704 0.0722111 0.919353
1241 376 6.11461 687.971 193.492 7 24.1518 0.343137 0 0.0630632 1.20223 684.388 193.492 7 23.0465 0.366667 0 0.0661588 1.21721
1241 376 0.70718 953.126 157.66 7 17.766 0.366667 0 0.0711239 1.21842 971.042 157.66 7 17.2704 0.362745 0.697704 0.0717853 0.98651
1241 376 40.7944 924.461 161.243 7 19.127 0.241176 0.465136 0.0680053 0.994663 945.96 121.828 7 18.4752 0.511765 0 0.0687418 1.30948
1241 376 4.70434 157.66 132.578 7 9.74673 0.141176 0 0.110582 1.09714 100.329 128.995 7 9.05099 0.137255 0 0.110319 1.09493
1241 376 1.29313 333.236 243.656 7 16.5457 0.168627 0 0.0801303 1.10555 315.32 250.823 7 14.628 0.15098 0 0.0888848 1.09775
1241 376 3.01996 469.397 261.572 7 13.003 0.231373 0 0.11265 1.14822 458.647 268.739 7 12.7211 0.22549 0 0.114298 1.14523
1241 376 4.46796 458.647 240.073 7 15.6306 0.2 0 0.093502 1.12603 451.481 247.24 7 14.4594 0.221569 0 0.100505 1.13984
1241 376 1.31447 340.402 154.077 7 22 0.0823529 0.697704 0.0609427 0.855605 326.07 154.077 7 20.6188 0.0921569 0.232568 0.0641129 0.98919
1241 376 1.08398 437.148 68.0805 7 33.9076 0.429412 0 0.0423283 1.25004 429.982 68.0805 7 35.4896 0.388235 0 0.0402638 1.22406
1241 376 2.63774 555.393 157.66 7 245.855 0.296078 0 0.0062214 1.161 555.393 157.66 7 127.89 0.382353 0 0.0119582 1.21357
1241 376 1.60786 526.728 179.159 7 62.3052 0.311765 0 0.0243685 1.1744 523.145 182.742 7 431.378 0.309804 0 0.00351869 1.16837
1241 376 1.34638 494.479 89.5795 7 83.8315 0.245098 0 0.0177498 1.13439 490.896 89.5795 7 89.6341 0.25098 0 0.0165761 1.13747
1241 376 35.0559 788.3 186.325 7 22.1364 0.141176 1.62798 0.0657346 0.667205 816.965 161.243 7 19.7326 0.17451 0 0.0723464 1.10708
1241 376 1.64848 953.126 121.828 7 17.4472 0.592157 0 0.0722923 1.36416 971.042 121.828 7 17.1126 0.511765 0.697704 0.0723159 1.06294
1241 376 10.5574 727.386 68.0805 7 20.1946 0.272549 0 0.0735101 1.16297 741.719 68.0805 7 21.2303 0.129412 0 0.069477 1.08177
1241 376 1.1952 666.472 68.0805 7 33.6706 0.211765 0 0.0448653 1.12171 666.472 68.0805 7 32.7372 0.182353 0 0.0461459 1.10562
1241 376 17.9311 849.214 197.075 7 12.9854 0.221569 0.465136 0.107727 0.992815 856.38 186.325 7 18.2923 0.111765 0.697704 0.075773 0.87086
1241 376 2.58393 1024.79 268.739 7 10.6814 0.203922 0 0.109679 1.1319 1067.79 279.488 7 9.64258 0.194118 0 0.115564 1.12769
1241 376 37.2771 931.627 261.572 7 10.5773 0.339216 0 0.122659 1.21427 974.625 236.49 7 9.20268 0.170588 0 0.135477 1.11895
76 2.28558 670.055 71.6636 7 35.4233 0.237255 0 0.042644 1.13559 670.055 68.0805 7 32.4075 0.245098 0 0.0465814 1.14095
1241 376 1.17758 974.625 204.241 7 15.9002 0.388235 0.232568 0.0777648 1.15016 992.541 204.241 7 14.8986 0.405882 0 0.081418 1.24511
1241 376 5.15564 777.55 279.488 7 11.2447 0.180392 0.697704 0.129873 0.911066 784.717 286.655 7 11.065 0.182353 0 0.131306 1.12461
3 111.079 121.828 7 8.58512 0.129412 0 0.117755 1.09227
1241 376 4.08668 462.23 78.83 7 34.1901 0.452941 0 0.0426897 1.26492 451.481 71.6636 7 35.9241 0.405882 0.697704 0.0403352 1.0017
1241 376 1.78079 1114.37 125.411 7 16.6005 0.6 0.697704 0.0627621 1.10876 1139.45 111.079 7 16.6776 0.590196 0 0.0604207 1.35959
1241 376 2.64569 605.558 275.905 7 11.6683 0.121569 0 0.130742 1.09082 598.391 275.905 7 11.8015 0.168627 0 0.129193 1.11645
1241 376 4.55392 483.73 283.071 7 12.9587 0.243137 0 0.113524 1.1552 465.814 286.655 7 11.8334 0.219608 0 0.122951 1.14384
1241 376 1.16125 487.313 236.49 7 17.7933 0.227451 0 0.0835131 1.13932 476.563 232.907 7 17.7007 0.223529 0 0.0835186 1.13709
1241 376 2.35467 512.395 96.7459 7 63.3429 0.266667 0.697704 0.02368 0.931237 505.229 89.5795 7 73.0288 0.262745 0.697704 0.0204621 0.928815
1241 376 10.5989 1078.54 240.073 7 13.9464 0.32549 0.232568 0.078437 1.11479 1096.45 236.49 7 13.4367 0.319608 0 0.0796531 1.19212
1241 376 10.9817 971.042 214.991 7 18.8363 0.313726 0 0.0657456 1.18532 974.625 204.241 7 15.9002 0.388235 0.232568 0.0777648 1.15016
1241 376 4.11801 956.709 211.408 7 18.3798 0.333333 0 0.0684626 1.19765 974.625 204.241 7 15.9002 0.388235 0.232568 0.0777648 1.15016
1241 376 7.30537 885.046 171.993 7 22.931 0.37451 0 0.0588336 1.22021 885.046 161.243 7 27.3135 0.294118 0.697704 0.0493186 0.94896
1241 376 3.31434 788.3 186.325 7 25.9147 0.156863 0.232568 0.0561062 1.02008 788.3 175.576 7 23.6548 0.133333 0.697704 0.0614888 0.877791
1241 376 3.18138 985.375 164.826 7 17.8518 0.594118 0 0.0683346 1.36441 999.708 157.66 7 17.5362 0.586275 0.697704 0.0684405 1.10243
1241 376 1.26928 917.294 136.161 7 21.4353 0.541176 0 0.0609757 1.32682 928.044 125.411 7 20.1923 0.537255 0 0.0640236 1.32503
1241 376 7.40351 910.128 85.9964 7 19.9675 0.2 0 0.0656249 1.11977 913.711 75.2468 7 23.2771 0.178431 0 0.0559416 1.10562
1241 376 2.09607 723.803 85.9964 7 22.3293 0.337255 0 0.0667883 1.1996 723.803 75.2468 7 21.565 0.284314 0 0.0690231 1.16878
1241 376 0.792729 673.638 82.4132 7 36.0315 0.237255 0.232568 0.0419809 1.05892 670.055 71.6636 7 35.4233 0.237255 0 0.042644 1.13559
8
1241 376 4.34916 687.971 89.5795 7 38.9245 0.331373 0 0.038765 1.18939 687.971 96.7459 7 32.4857 0.305882 0.232568 0.0465182 1.09689
1241 376 3.09407 698.72 193.492 7 33.1312 0.360784 0 0.0457929 1.20871 698.72 204.241 7 31.9101 0.333333 0 0.0475355 1.19265
1241 376 2.80221 813.382 265.155 7 14.2023 0.156863 0 0.100551 1.10356 824.132 279.488 7 13.8104 0.135294 0.232568 0.102445 1.01854
1241 376 1.67734 795.466 200.658 7 22.5789 0.343137 0 0.0641302 1.20249 799.049 211.408 7 21.0642 0.333333 0 0.0685811 1.19768
1241 376 1.68127 1028.37 68.0805 7 21.1521 0.5 0 0.0543952 1.29807 1039.12 71.6636 7 20.9913 0.588235 0 0.0541438 1.35655
 283.071 7 12.4468 0.0941176 0 0.118154 1.07325
1241 376 0.59221 476.563 200.658 7 21.6155 0.0862745 0.465136 0.0685893 0.920641 472.98 200.658 7 21.6274 0.0823529 0 0.0684224 1.05639
1241 376 1.68932 340.402 189.909 7 11.6164 0.431373 0 0.114642 1.26949 326.07 189.909 7 11.3881 0.429412 0 0.115295 1.26841
1241 376 3.43197 487.313 279.488 7 12.2177 0.0803922 0.930272 0.120643 0.806737 483.73 283.071 7 12.4468 0.0941176 0 0.118154 1.07325
1241 376 0.205443 605.558 225.74 7 41.1122 0.201961 0 0.0373681 1.11455 605.558 225.74 7 38.746 0.184314 0 0.0396499 1.10527
1241 376 0.925777 548.227 218.574 7 42.9434 0.0862745 0 0.0355195 1.05152 548.227 218.574 7 40.8041 0.0843137 0 0.0373796 1.05089
1241 376 9.42108 885.046 157.66 7 38.4635 0.552941 0 0.0349515 1.32772 899.379 157.66 7 31.9958 0.594118 0 0.0414947 1.35711
1241 376 12.3819 885.046 114.662 7 38.7776 0.511765 0 0.0345618 1.30056 881.463 103.912 7 31.4852 0.521569 0 0.0426998 1.30908
1241 376 3.30204 795.466 272.322 7 9.41766 0.413725 0 0.15392 1.26826 806.216 279.488 7 9.24972 0.462745 0 0.155533 1.30015
1241 376 0.310498 892.212 207.825 7 25.8614 0.413725 0 0.0517648 1.24261 899.379 207.825 7 26.8887 0.413725 0 0.0494384 1.24203
1241 376 1.49911 1074.95 143.327 7 14.6646 0.372549 0 0.0749063 1.22294 1096.45 139.744 7 14.5674 0.398039 0 0.0733812 1.23825
1241 376 4.35746 1060.62 111.079 7 14.1227 0.403922 0.697704 0.0790997 1.00851 1078.54 107.495 7 13.4754 0.447059 0.697704 0.0811266 1.03091
1241 376 2.91444 949.543 265.155 7 12.6294 0.47451 0.697704 0.100539 1.04922 971.042 268.739 7 12.0119 0.454902 0.697704 0.103377 1.03958
1241 376 0.91615 1039.12 197.075 7 17.3549 0.413725 0 0.0660359 1.24616 1057.04 197.075 7 17.4112 0.396078 0 0.064391 1.23481
8302
1241 376 1.60647 580.475 189.909 7 56.8177 0.529412 0 0.027036 1.31011 598.391 189.909 7 73.53 0.545098 0 0.0209226 1.31881
1241 376 4.2606 512.395 207.825 7 29.746 0.537255 0.697704 0.0507012 1.07193 533.894 204.241 7 27.6874 0.570588 0 0.0548752 1.34483
1241 376 1.16012 168.41 157.66 7 17.0735 0.445098 0.697704 0.0647284 1.02653 182.742 154.077 7 16.8481 0.484314 0.697704 0.0667526 1.04728
1241 376 39.9846 928.044 111.079 7 16.2283 0.260784 0 0.0797475 1.15759 963.876 68.0805 7 15.1022 0.215686 0 0.0822345 1.13234
1241 376 1.0696 358.318 297.404 7 11.806 0.268627 0 0.113671 1.17005 370.262 298.598 6 11.7905 0.347059 0 0.114982 1.21717
1241 376 1.52663 437.148 232.907 7 20.6872 0.386275 0 0.0698886 1.23012 455.064 232.907 7 20.5128 0.370588 0 0.0712687 1.22085
1241 376 3.12071 229.324 257.989 7 15.5315 0.135294 0 0.076309 1.08644 240.073 257.989 7 16.3018 0.127451 0 0.0736554 1.08162
1241 376 2.16958 254.406 225.74 7 17.9241 0.315686 0 0.0683027 1.18709 268.739 222.157 7 18.4203 0.32549 0.232568 0.0675553 1.11236
1241 376 4.43575 121.828 265.155 7 16.6051 0.260784 0.697704 0.0625672 0.935751 132.578 261.572 7 16.4743 0.276471 0 0.0639466 1.16303
1241 376 2.10916 182.742 229.324 7 18.6821 0.368627 0.697704 0.0602566 0.987137 197.075 225.74 7 18.4742 0.368627 0 0.0620088 1.2174
1241 376 43.3896 1085.7 157.66 7 15.5422 0.37451 0 0.0696874 1.22286 1085.7 154.077 7 15.4585 0.280392 0.232568 0.0700649 1.08811
1241 376 1.68206 555.393 100.329 7 77.4142 0.147059 0.232568 0.0196307 1.00771 573.309 96.7459 7 81.4674 0.180392 0.930272 0.018701 0.830984
1241 376 2.29994 369.068 150.494 7 27.6464 0.337255 0 0.0498182 1.19553 386.984 150.494 7 27.7845 0.403922 0 0.0503084 1.23618
1241 376 2.68021 437.148 71.6636 7 34.5276 0.513726 0.697704 0.0415998 1.05746 455.064 71.6636 7 36.9054 0.52549 0 0.0393468 1.31077
0 0.0142571 1.13471 515.978 118.245 7 92.0145 0.211765 0 0.0163784 1.11534
1241 376 2.76487 687.971 207.825 7 23.6288 0.380392 0 0.0644351 1.22517 673.638 207.825 7 28.6986 0.390196 0.232568 0.0532268 1.14565
1241 376 2.60269 867.13 103.912 7 17.8216 0.35098 0.697704 0.0767037 0.98169 856.38 100.329 7 17.8008 0.362745 0 0.0774521 1.21758
1241 376 10.5152 1060.62 268.739 7 11.0385 0.601961 0 0.101609 1.37892 1042.71 265.155 7 12.2379 0.615686 0 0.093491 1.38617
1241 376 0.475686 1103.62 211.408 7 14.5244 0.168627 0 0.0729667 1.10396 1092.87 211.408 7 14.4832 0.176471 0 0.0741927 1.10857
1241 376 1.40635 440.731 154.077 7 64.4381 0.123529 0 0.022605 1.06853 426.399 154.077 7 65.4324 0.12549 0 0.0220578 1.06946
1241 376 39.5026 354.735 157.66 7 35.0276 0.396078 0 0.0388983 1.22853 352.346 119.439 6 43.1972 0.47451 0 0.031421 1.27576
1241 376 1.85178 469.397 111.079 7 70.8565 0.284314 0 0.0208164 1.15757 455.064 111.079 7 79.5638 0.286275 0 0.0183977 1.15814
1241 376 1.2301 340.402 121.828 7 52.4848 0.509804 0.465136 0.0256094 1.12804 325.472 119.439 6 50.2897 0.519608 0 0.0263492 1.30353
1241 376 4.66536 895.795 279.488 7 11.8158 0.309804 0 0.113164 1.19427 889.823 283.669 6 11.4887 0.266667 0 0.116993 1.16968
1241 376 0.757005 770.384 257.989 7 12.1855 0.347059 0 0.120612 1.21854 759.635 257.989 7 11.8975 0.339216 0 0.124252 1.21465
1241 376 0.265758 877.88 211.408 7 18.6772 0.396078 0.697704 0.0727992 1.00329 867.13 211.408 7 18.8549 0.360784 0 0.0727889 1.21525
1241 376 52.1115 827.715 211.408 7 18.6712 0.307843 0 0.0758824 1.18424 868.922 214.991 6 18.4738 0.337255 0 0.0741778 1.20137
1241 376 0.538645 924.461 168.41 7 17.7169 0.629412 0 0.073491 1.39014 913.711 168.41 7 17.7529 0.6 0 0.0741256 1.37002
1241 376 0.889521 756.051 139.744 7 18.8578 0.703922 0 0.0785278 1.44436 745.302 139.744 7 18.1488 0.662745 0 0.0820477 1.41592
1241 376 4.17464 329.653 78.83 7 42.0435 0.445098 0.930272 0.0314644 0.951002 316.514 80.6216 6 40.2128 0.429412 0 0.0324931 1.24758
01 225.74 7 13.9381 0.57451 0 0.105882 1.36129
1241 376 0.611059 978.209 132.578 7 18.3534 0.554902 0.232568 0.0668892 1.2474 978.209 132.578 7 18.2057 0.572549 0.232568 0.0674384 1.25859
1241 376 0.823165 953.126 164.826 7 20.5167 0.654902 0 0.061506 1.4046 953.126 164.826 7 20.0466 0.668628 0 0.0629633 1.41468
1241 376 1.58993 415.649 118.245 7 40.5685 0.366667 0.232568 0.0351686 1.12817 412.066 118.245 7 50.5933 0.419608 0.232568 0.0281478 1.15681
1241 376 1.42115 738.135 146.91 7 27.0426 0.6 0 0.0551906 1.36484 738.135 146.91 7 25.249 0.52549 0 0.0591248 1.31596
1241 376 1.70594 652.139 89.5795 7 64.1096 0.290196 0 0.0237146 1.16165 652.139 89.5795 7 58.7613 0.25098 0 0.0258741 1.13959
 0.298039 0 0.100718 1.18431
1241 376 2.39525 988.958 250.823 7 11.8943 0.278431 0 0.102545 1.17319 988.958 250.823 7 12.452 0.282353 0 0.0978725 1.17439
1241 376 3.55156 598.391 293.821 7 10.3662 0.194118 0.232568 0.146545 1.05823 594.808 293.821 7 11.0281 0.237255 0.232568 0.137715 1.07939
1241 376 1.82763 562.56 207.825 7 58.1628 0.256863 0 0.0263276 1.14305 562.56 207.825 7 46.2555 0.239216 0 0.0330996 1.13454
1241 376 2.96103 512.395 107.495 7 73.2563 0.301961 0 0.0205123 1.16775 508.812 107.495 7 114.788 0.280392 0 0.013078 1.15351
1241 376 1.383 788.3 136.161 7 21.9969 0.643137 0 0.066017 1.39762 788.3 136.161 7 21.0426 0.692157 0 0.0690281 1.43316
1241 376 1.19897 834.881 118.245 7 17.0821 0.405882 0.697704 0.0823005 1.01014 836.076 119.439 6 17.3038 0.505882 0.465136 0.0811734 1.13841
1241 376 2.39439 1117.95 132.578 7 19.7209 0.584314 0 0.0524752 1.35344 1117.95 136.161 7 19.2229 0.537255 0.930272 0.0538592 1.00032
1241 376 0.710894 1067.79 254.406 7 12.9808 0.621569 0 0.085454 1.38802 1068.98 256.795 6 12.942 0.611765 0 0.0855761 1.38126
1241 376 2.26919 1049.87 204.241 7 16.0636 0.419608 0 0.070485 1.25095 1049.87 207.825 7 16.2791 0.42549 0 0.0695339 1.25439
1241 376 4.94339 89.5795 154.077 7 17.5909 0.484314 0 0.0567654 1.28854 89.5795 152.285 6 15.9387 0.470588 0 0.0625536 1.28121
1241 376 3.91966 143.327 114.662 7 16.6524 0.572549 0 0.0641672 1.34866 136.161 114.662 7 16.9329 0.552941 0 0.0625457 1.33506
1241 376 2.65125 118.245 103.912 7 16.486 0.158824 0 0.0627166 1.09632 113.467 107.495 6 17.0841 0.168627 0 0.0601908 1.10115
1241 376 8.70666 415.649 125.411 7 50.8958 0.313726 1.62798 0.0280728 0.721866 415.649 118.245 7 40.5685 0.366667 0.232568 0.0351686 1.12817
1241 376 1.89794 415.649 118.245 7 50.6973 0.362745 0 0.0281611 1.20563 415.649 118.245 7 40.5685 0.366667 0.232568 0.0351686 1.12817
1241 376 3.23882 383.4 78.83 7 37.604 0.482353 0.232568 0.0368268 1.19575 385.192 80.6216 6 37.7132 0.458824 0.232568 0.0367832 1.18175
1241 376 1.52108 738.135 146.91 7 28.1998 0.55098 0 0.0529188 1.33119 738.135 146.91 7 27.0426 0.6 0 0.0551906 1.36484
1241 376 1.68856 634.223 139.744 7 52.9055 0.672549 0 0.0289983 1.40786 634.223 139.744 7 47.5441 0.590196 0.697704 0.0322694 1.09663
1241 376 3.06314 655.722 89.5795 7 56.2864 0.296078 0 0.0269965 1.16584 652.139 89.5795 7 64.1096 0.290196 0 0.0237146 1.16165
1241 376 1.33972 978.209 132.578 7 17.9558 0.501961 0.930272 0.0683882 0.98568 978.209 132.578 7 18.3534 0.554902 0.232568 0.0668892 1.2474
1241 376 2.20883 953.126 161.243 7 20.27 0.686275 0 0.062256 1.42702 953.126 164.826 7 20.5167 0.654902 0 0.061506 1.4046
1241 376 2.00388 791.883 268.739 7 13.6486 0.241176 0 0.106093 1.15235 791.883 268.739 7 13.6629 0.256863 0 0.105981 1.1614
1241 376 1.92162 845.631 225.74 7 17.5671 0.341176 0 0.0795207 1.20502 845.631 229.324 7 16.9233 0.337255 0 0.0825536 1.20338
98 0 0.113899 1.15642 985.375 243.656 7 12.4182 0.229412 0 0.0985859 1.14388
1241 376 0.772147 910.128 200.658 7 18.6282 0.35098 0 0.0708566 1.20884 910.128 200.658 7 18.7108 0.303922 0 0.0705407 1.18065
1241 376 0.550595 788.3 132.578 7 22.0232 0.605882 0 0.065917 1.3718 788.3 132.578 7 22.1605 0.633333 0 0.0655066 1.39065
1241 376 0.600888 895.795 100.329 7 19.4918 0.364706 0 0.0682808 1.21654 895.795 100.329 7 19.4817 0.362745 0 0.0683164 1.21535
1241 376 0.488986 759.635 85.9964 7 26.3093 0.598039 0 0.0557129 1.36365 759.635 85.9964 7 26.3201 0.578431 0 0.0556899 1.35034
1241 376 0.563521 601.974 139.744 7 110.122 0.568627 0 0.013945 1.33256 601.974 139.744 7 105.61 0.568627 0 0.0145407 1.33272
1241 376 3.01096 505.229 182.742 7 143.085 0.378431 0 0.0105372 1.21085 505.229 186.325 7 130.217 0.376471 0 0.0115779 1.20992
1241 376 0.554404 512.395 103.912 7 85.279 0.319608 0 0.0176136 1.17742 512.395 103.912 7 81.653 0.317647 0 0.0183951 1.17645
1241 376 0.883207 1117.95 128.995 7 19.835 0.605882 0 0.0521629 1.36803 1117.95 128.995 7 19.825 0.603922 0 0.0521894 1.3667
1241 376 1.80094 1078.54 143.327 7 20.1487 0.639216 0 0.0540288 1.39154 1080.93 143.327 6 20.2298 0.654902 0 0.0536472 1.40239
1241 376 1.44704 1071.37 254.406 7 11.8399 0.572549 0.697704 0.093439 1.10038 1071.37 254.406 7 12.2444 0.605882 0 0.0902922 1.37851
1241 376 1.15268 1121.54 200.658 7 15.9577 0.176471 0 0.0647978 1.10649 1121.54 200.658 7 16.071 0.170588 0 0.0643339 1.10314
1241 376 6.70593 1064.2 250.823 7 13.0223 0.584314 0 0.0855724 1.36243 1071.37 254.406 7 12.2444 0.605882 0 0.0902922 1.37851
1241 376 0.545511 738.135 143.327 7 28.7048 0.521569 0 0.0519714 1.31151 738.135 143.327 7 28.7154 0.55098 0 0.0519522 1.33093
1241 376 0.552815 634.223 136.161 7 59.6387 0.654902 0 0.0257151 1.39458 634.223 136.161 7 59.5332 0.656863 0 0.0257606 1.39596
1241 376 0.533842 655.722 85.9964 7 59.5114 0.241176 0.465136 0.025516 0.986246 655.722 85.9964 7 59.0967 0.25098 0 0.0256951 1.13955
1241 376 37.1929 132.578 139.744 7 16.7635 0.507843 0 0.0629453 1.3054 95.5515 149.299 6 17.1223 0.503922 0 0.0587529 1.30175
1241 376 1.15021 96.7459 150.494 7 16.8041 0.513726 0.232568 0.0599446 1.22028 96.7459 150.494 7 16.7291 0.480392 0 0.0602091 1.2869
1241 376 1.01114 146.91 111.079 7 16.8691 0.594118 0 0.063631 1.36313 146.91 111.079 7 16.6894 0.586275 0 0.0643063 1.35798
1241 376 3.13155 978.209 125.411 7 19.851 0.527451 0 0.06176 1.31795 978.209 128.995 7 17.8255 0.531373 0.697704 0.0688787 1.07267
1241 376 0.735864 953.126 157.66 7 19.5943 0.656863 0 0.0644182 1.4068 953.126 157.66 7 19.806 0.662745 0 0.0637224 1.41074
1241 376 7.70174 419.232 125.411 7 38.1556 0.264706 0 0.0375065 1.15011 419.232 118.245 7 37.1243 0.382353 0.697704 0.0385155 0.989623
1241 376 0.559628 419.232 118.245 7 37.8534 0.382353 0.697704 0.0377762 0.989476 419.232 118.245 7 37.1243 0.382353 0.697704 0.0385155 0.989623
1241 376 0.872265 791.883 261.572 7 13.5328 0.2 0 0.107114 1.1291 791.883 261.572 7 13.7048 0.211765 0.697704 0.105757 0.921017
1241 376 0.639887 784.717 197.075 7 21.6249 0.613726 0.465136 0.0674408 1.19819 784.717 197.075 7 21.2629 0.629412 0.697704 0.0685954 1.1265
62 913.711 261.572 7 12.5277 0.329412 0 0.105099 1.20409
1241 376 0.636787 981.792 243.656 7 11.6346 0.252941 0 0.105767 1.15908 981.792 243.656 7 10.8188 0.245098 0 0.113899 1.15642
1241 376 0.284671 910.128 200.658 7 18.708 0.366667 0 0.0705514 1.21828 910.128 200.658 7 18.6282 0.35098 0 0.0708566 1.20884
1241 376 4.05018 1100.04 268.739 7 13.3762 0.372549 0 0.0795252 1.22407 1104.81 268.739 6 12.7206 0.394118 0 0.0831956 1.23825
1241 376 0.65491 1121.54 200.658 7 15.8053 0.184314 0 0.0654328 1.11098 1121.54 200.658 7 15.9577 0.176471 0 0.0647978 1.10649
1241 376 2.94382 1060.62 250.823 7 13.5707 0.57451 0 0.0824165 1.35491 1064.2 250.823 7 13.0223 0.584314 0 0.0855724 1.36243
1241 376 0.0875523 738.135 143.327 7 28.7268 0.515686 0 0.0519314 1.30765 738.135 143.327 7 28.7048 0.521569 0 0.0519714 1.31151
1241 376 0.129886 634.223 136.161 7 60.1079 0.658824 0 0.0255143 1.39726 634.223 136.161 7 59.6387 0.654902 0 0.0257151 1.39458
1241 376 0.108812 655.722 85.9964 7 59.568 0.223529 0.697704 0.0254917 0.911696 655.722 85.9964 7 59.5114 0.241176 0.465136 0.025516 0.986246
1241 376 0.970728 96.7459 150.494 7 17.246 0.494118 0 0.0584314 1.2953 96.7459 150.494 7 16.8041 0.513726 0.232568 0.0599446 1.22028
1241 376 0.897195 146.91 111.079 7 16.9835 0.592157 0 0.0632084 1.36168 146.91 111.079 7 16.8691 0.594118 0 0.063631 1.36313
1241 376 0.31908 978.209 125.411 7 19.4913 0.515686 0 0.0629124 1.31052 978.209 125.411 7 19.851 0.527451 0 0.06176 1.31795
1241 376 0.305691 953.126 157.66 7 19.1497 0.654902 0 0.0659298 1.40584 953.126 157.66 7 19.5943 0.656863 0 0.0644182 1.4068
1241 376 0.24636 419.232 118.245 7 38.1382 0.380392 0.697704 0.0374952 0.988451 419.232 118.245 7 37.8534 0.382353 0.697704 0.0377762 0.989476
1241 376 2.27256 766.801 218.574 7 14.3299 0.552941 0 0.103015 1.34591 767.398 220.963 6 14.7262 0.578431 0 0.100176 1.3624
